time: 0.0007751999999072723 s
memory: 0.01836681365966797 Mb