time: 0.0005877999992662808 s
memory: 0.01703166961669922 Mb