time: 0.0010149000154342502 s
memory: 0.01701641082763672 Mb