time: 0.0009592999995220453 s
memory: 0.01701641082763672 Mb