time: 0.0008634000000711239 s
memory: 0.018310546875 Mb