time: 0.0020027999999001622 s
memory: 0.01701641082763672 Mb