time: 0.0007611000000906643 s
memory: 0.01836681365966797 Mb