time: 0.0010159000012208708 s
memory: 0.01703166961669922 Mb