time: 0.001630200000363402 s
memory: 0.01712322235107422 Mb