time: 0.0009220000029017683 s
memory: 0.01712322235107422 Mb