time: 0.0006119000026956201 s
memory: 0.01712322235107422 Mb