time: 0.0006919000297784805 s
memory: 0.01712322235107422 Mb