time: 0.0008928000024752691 s
memory: 0.01712322235107422 Mb