time: 0.0005777000005764421 s
memory: 0.01712322235107422 Mb