time: 0.0007748999996692874 s
memory: 0.01873016357421875 Mb