time: 0.0005753999976150226 s
memory: 0.01714801788330078 Mb