time: 0.0005119000015838537 s
memory: 0.01715564727783203 Mb