time: 0.001021699994453229 s
memory: 0.01714801788330078 Mb