time: 0.000659500015899539 s
memory: 0.01714801788330078 Mb