time: 0.0002777999998215819 s
memory: 0.01715564727783203 Mb