time: 0.0007699999998749263 s
memory: 0.01873016357421875 Mb