time: 0.0008118000000649772 s
memory: 0.01867389678955078 Mb