time: 0.0007467000032193027 s
memory: 0.01708507537841797 Mb