time: 0.0005597000017587561 s
memory: 0.01708507537841797 Mb