time: 9.420000424142927e-05 s
memory: 0.0001678466796875 Mb