time: 0.0006514000124298036 s
memory: 0.01708507537841797 Mb