time: 0.0023234999998749117 s
memory: 0.16460800170898438 Mb