time: 0.0005575999966822565 s
memory: 0.16074371337890625 Mb