time: 0.00035599999864643905 s
memory: 0.16111373901367188 Mb