time: 0.0007494999999835272 s
memory: 0.16463756561279297 Mb