time: 0.00077240000018719 s
memory: 0.16510391235351562 Mb